4.9839263161865155 48.12939092105025 18.7546451771329 62.90341585253396 29.0227378113456 97.82443562180868 59.06351831408219 0.5289916040950304 3.624165428377024 4.819827306104429
3.4202591442540564 49.04093139642457 76.49777963288899 49.55175313913407 93.31645365024256 83.1907397255684 40.3564758232402 46.711982611344816 12.865542655770545 5.091759473576351
31.137896839180655 28.352535868190397 37.66845036324877 90.26570172610785 55.548570426116214 65.67329606608772 77.66696432623664 27.6818029249 64.40535873784948 55.09202411818236
50.65469538410743 26.975099973357754 46.21061849523777 23.586583343817257 12.033429014927489 4.8397534031665685 74.87578609682417 6.610935188969758 40.0011512855722 45.47695104202337
40.84288979318278 5.101968826105285 9.613196644929744 97.02295874902038 96.25825152646505 77.72479699660748 63.11031555778741 95.9632025667146 89.05550157864795 63.049920354232306
63.98118612062618 14.80122532917133 92.28637732402409 74.25785294171006 46.24312661578357 55.88759003242741 33.930823751729434 81.86866317659515 44.023549055541125 49.962520118390906
82.55078632039584 69.67553718861853 47.27047947764641 63.92801710438481 97.49403489155706 75.82731172535516 32.46786380918899 92.5351059452418 77.44341878849626 97.05872319734748
31.723627014814415 20.39199616930277 88.77719224549539 98.335672854473 62.89977446434196 83.56991744737054 82.52735608044888 50.67448216401137 72.91568453611366 58.25712087325239
98.93907165258555 5.036467639959485 3.65708865984673 7.417343730328874 11.519256715067282 18.250278012563893 75.97511762162664 59.38860566077404 68.99126044788501 63.28404119806419
62.07799424661028 5.977331333736846 54.58076565651565 74.1008231582455 34.886136933759296 17.22835645208024 53.767606397439934 59.32218958026383 3.285891846191702 69.33563569134368
