92.72288151262103 85.96633360684277 52.93516501723794 35.48689388721531 26.374909910487 31.69574744288206 20.37240874568569 55.245435744078755 75.6166543807202 39.31136421990472
95.01313487562679 49.38343960814674 31.623504593370487 28.39079742125481 91.6776809441046 13.42438232808142 89.12406211357036 50.740503535130976 22.2154237654536 86.96930966342954
6.594985430494537 19.204058323775953 68.75418327437463 17.696492973501766 10.890548313068027 48.41815637998774 35.101727222448844 93.60965416498584 49.728778594197145 22.385540475805044
5.765370298144656 83.90476505933584 81.27339752909455 30.85974623750677 5.359586498215407 22.65125140169427 12.337354770892063 42.74030941786025 30.738593246429723 32.67130697203528
34.467672893033594 89.3175401757551 38.52518427846137 65.63252038286659 0.00960185477378861 79.10838288032468 20.922444977262934 89.21826439775946 36.21720977377165 80.00098246515903
54.01802726150492 50.81541570371952 15.422033873172436 3.768284930627297 39.893572007824055 5.569793504373932 90.64035761150136 26.35784677975116 54.96570911788309 50.05876778135663
59.469990851716126 97.42030064039614 41.15805463152535 47.5663018580272 80.46786802558968 70.16911800210512 34.43522344129738 33.505381178820684 94.31008691820209 81.42404726577202
96.11688002828848 93.9040779917072 20.90224329500089 18.13536313492996 9.291276830206597 13.81172608866187 55.18473814823033 68.51687998965743 50.09430437966624 69.70271153744541
29.166765989502295 86.46408146504659 59.75869332845095 19.594447408869243 15.284238256937588 34.78791861935456 75.25450244701761 41.82822731103344 14.252431617650386 66.19357710563564
55.8947264466225 58.13067839596635 69.8573671692393 52.1507218358093 78.82635700935128 67.824676034165 92.11173684026609 76.57304482460574 36.708576477956115 72.82709195730288
