15744.485711160965 22403.735429017535 13809.710154287235 9231.234114606863 14181.02349899526 10582.508476284827 18079.227213757153 14865.2276150952 16565.769997996293 19512.466104327832
21026.713558268522 30631.081585983826 19658.587963809965 14119.042135595675 13283.937738824896 17708.375354415835 22634.46806166363 27955.116803709374 21143.98906206397 27125.083344912124
24049.46059597816 39609.80381142802 27096.391542692585 17586.808889859654 18769.031349874684 21805.449424790815 26835.485305099377 28641.375008209714 24905.608985935065 31742.53351618916
17173.690834908815 23891.394354681303 17954.067535510472 11753.998338308706 14914.579945381296 15539.55516895956 16182.017788101315 18819.384157472563 17786.675481751674 19864.58645549954
31509.40733189216 51160.334084631686 30106.42742305727 21144.36489583643 17572.4184341589 25202.135686778747 31858.5712235117 35441.18398079655 28763.43023794524 39340.16745222492
26951.90461821887 38908.46082847156 28107.41433905761 16427.969538417554 14779.715608760234 20778.32258005404 26412.76436203172 34110.65750442929 26548.09580991788 29813.535102406175
40920.08319714154 53560.79651918631 34622.9913408227 24203.134729065725 24755.187137872093 28256.979599529863 40245.108854610335 44049.56350498928 32168.883673211873 45335.41901161116
27875.285154783254 46044.09195948039 33014.993792178255 20064.977595319557 20352.86438582371 26225.103776487224 32175.667494341586 36863.14377960072 30660.293906349623 36757.214955275354
26878.197719552834 34025.35716921037 19888.16480866143 14115.498119236616 16587.28275774265 17405.20904744055 21494.271664275664 22235.940613918134 22870.136045485844 25988.10592176588
22114.997385297676 32012.08419793241 23352.808292629627 15293.50791284262 14257.930735104865 18633.91481346317 18678.06030709185 26888.53958182553 22663.932314424514 24036.272469134732
